Railway: 34.63437, -120,62441
cost: 34.63554, -120,6251
Highway 34.66729, -120.45753
city: 34.63268, -120.48328

CCAFS
Railway: 28.57205, -80.58527
cost: 28.56333, -80.56804
Highway 28.56282, -80.5707
city: 28.40854, -80.60137

KSC
Railway: 28.57322, -80.65403
cost: 28.5727, -80.60678
Highway 28.57263, -80.65553
city: 28.40854, -80.60137